AUC:0.9402761963036294
AUPR:0.6338270522007174
ACC:0.9977629147769786
F1-score:0.8830758354721204
Precision:0.9958023669552699
Recall:0.8124076255348569
