AUC:0.9401850942516752
AUPR:0.6348310394486265
ACC:0.9977629147769786
F1-score:0.8830758354721204
Precision:0.9958023669552699
Recall:0.8124076255348569
MCC:0.787127537810888
