AUC:0.9777567754907661
AUPR:0.6734891652898071
ACC:0.9978312702922078
F1-score:0.849192233795006
Precision:0.9964192350727291
Recall:0.7696413253458342
