AUC:0.897091279127072
AUPR:0.5296494224856039
ACC:0.9947185578141872
F1-score:0.7785151172106055
Precision:0.9740990609001539
Recall:0.6979780839413676
