AUC:0.8970885473907438
AUPR:0.5296688294410904
ACC:0.9947185578141872
F1-score:0.7785151172106055
Precision:0.9740990609001539
Recall:0.6979780839413676
MCC:0.6127355830222829
